mag:
  x_offset: 325.0
  x_scale: 0.0015337423312883436
  y_offset: 622.5
  y_scale: 0.00303951367781155
